440479
394987
76116
125182
168409
128442
626552
489358
296304
445515
146191
419909
134854
379320
413608
613164
484155
414549
619976
339547
421956
158854
12
660700
184850
437507
486052
368898
255617
278309
627745
652160
366565
437750
542463
667151
102721
640680
163688
622560
578577
543809
146214
549760
656851
204252
374229
165742
208783
468508
392098
134868
247352
531027
93
365743
261963
264413
292929
613675
524174
640421
647799
270968
405882
88668
83304
645926
682155
701421
323852
428289
678525
443590
52710
166
708843
260056
420926
532122
693355
321677
216035
435418
628868
125063
383506
291114
514988
17226
633067
649952
503827
651045
648448
654208
261968
134864
679947
629867
493751
322586
315533
114418
465549
265283
440477
270972
522056
656406
131064
313957
669153
125067
438038
188867
333258
536534
651424
472295
733785
88708
298207
672239
526989
397418
527744
583740
617666
140734
695211
330553
354732
52661
640195
433816
432832
342689
637971
534151
476045
108024
577792
505333
403787
482815
348334
612489
480498
633104
354487
96530
647121
628502
261970
314773
152073
118710
327117
88767
253026
102712
604995
627210
381397
605920
356179
281727
353977
96551
284323
416118
342691
246241
580093
626731
664289
526866
627998
330210
31417
152067
220614
629630
88729
557269
212847
397568
648537
41696
165747
482118
41601
616494
455552
76109
401195
502595
515821
557804
662727
702708
76099
427114
276221
391447
444443
612577
368174
568236
642463
568762
234522
461668
370192
436003
391681
506207
637112
237944
197156
Subhalo not found: snapnum = 99, subfind_id = 197156.
This object probably has zero DM or baryonic (stars + SF gas) elements.
69538
207477
484609
685405
145
393117
514637
679213
394442
610185
418232
461364
409987
448021
143885
236764
545715
182000
605003
330958
389705
481036
515098
443421
137896
329105
483978
583580
645072
358584
348896
76115
175245
606414
592594
96557
662174
656604
329106
214530
263582
240008
384538
604456
271736
163683
288028
581614
94
483977
430071
287335
379147
502168
202640
442532
241155
399844
613338
527378
642830
522554
557139
652990
375404
669084
326660
60784
517908
586541
507361
286702
508523
83293
559068
642762
230252
69516
603564
632739
595832
83334
572014
601044
634831
653224
432254
545758
96537
684204
572459
36
672578
520426
451244
243188
386828
612384
662901
699749
644732
52684
583480
484307
583095
88771
571094
476118
31397
472174
562544
329849
589115
620087
252252
88695
657782
520230
489356
545346
353167
109
450177
404501
558537
422426
412081
294053
17208
644366
483693
607160
134894
617787
464423
31396
404216
149176
445185
134925
31454
580836
41638
161165
662483
17347
526833
273147
680840
244333
416752
41673
503432
152041
544896
69796
528906
316864
613788
579157
125044
562669
450265
414993
462077
410458
31372
41674
376357
130
69566
326217
440377
649589
451005
620328
560547
449099
627722
466958
666839
436349
462564
309952
31414
41646
558753
613528
487100
679357
406698
613250
410700
255626
261967
245137
542023
617106
543513
593572
385357
614826
220575
667583
542504
568736
591106
69543
338820
501430
356914
631342
332815
88720
571666
234527
134889
536255
514127
656365
581118
622783
655257
194958
636256
265270
605088
163677
495772
609583
568754
616201
382685
368697
671661
609104
281703
595171
612817
88710
17236
460823
349135
386827
428159
519681
682332
219034
170562
501324
572261
541854
566848
177728
635068
264429
635122
143914
384916
653891
486875
143920
220607
617317
88709
602018
638977
628102
674943
563760
612534
561883
560119
96574
161180
392726
405460
41707
342049
76090
352361
619786
102691
488446
102685
497838
629174
426576
535540
178
401670
60845
658591
471591
249167
226199
406885
273153
286070
724158
415975
31377
227588
456786
616581
163690
309951
320014
411034
207479
38
601743
676056
338817
102757
490280
468921
322581
298893
394069
644625
495442
96565
480931
387438
52648
197125
446937
546597
663995
96529
422113
60791
495114
214453
442300
199326
557434
506823
318638
362551
332069
69517
69510
286078
559664
356906
137
246246
300578
526667
664892
570813
656531
664244
590511
288020
429678
649275
220564
672235
380122
186938
593747
31488
363531
565178
487152
161185
651402
88733
430471
549407
557560
188870
306519
41709
96546
418576
134862
158861
571959
439518
608447
671050
351073
76100
219039
125047
585290
565159
490617
134903
547815
474204
665196
460888
377214
615762
31416
360511
611236
564523
200820
551607
663199
337054
574447
621931
673826
498415
429758
235699
305660
60822
96519
674991
208792
597121
429862
581288
659680
606435
52824
624161
615526
355238
170549
635791
393336
495214
664795
108017
689937
557675
470420
698737
673046
679293
594459
545470
387727
624490
242228
608121
444068
626757
561272
658106
659062
598107
493800
678142
663460
404769
637717
388435
601834
52649
17311
553775
450495
206236
655711
643623
252260
337050
607550
476528
616636
653751
473957
614362
566578
493230
429556
637915
461136
622649
585609
154511
255620
588772
322161
152043
596057
549006
627439
577277
317711
650904
664128
450127
535836
606573
603135
622548
585123
96576
625588
128416
553111
617993
337444
459906
328252
222304
448371
152068
640878
308074
52626
352062
643868
357767
291129
168441
558247
202645
260889
629053
186928
432379
581382
491761
546930
301749
271730
539897
391870
602288
191095
235702
336521
509131
394241
580964
559475
614209
293441
41787
179917
143891
387238
200804
384705
260864
338148
612357
282385
660926
81
302165
69557
483216
326653
593397
467520
96558
52657
689577
69545
511980
128409
551414
588209
395340
475098
75
446112
108051
493314
538295
500448
348593
223912
372175
657861
60810
373954
370006
175257
243199
368438
473126
492614
344593
619801
291893
434410
645980
31444
207480
616754
555540
88681
394245
670879
755906
601054
554462
208800
490538
602277
502088
411638
629448
512067
143906
483179
554492
303713
588554
96552
473858
322979
349626
588397
702419
170570
601914
358019
610063
662319
573084
31435
536307
659853
363107
710222
184843
52672
278303
406878
430072
483901
390466
254932
588523
491873
600460
508854
398922
302774
108048
668487
560392
31413
474231
60736
525584
538580
208793
312896
642922
667565
131052
579730
681961
442154
609503
602123
343044
179898
380475
502427
431391
52676
76092
611625
595058
573548
617851
609590
597265
663902
585302
515318
154512
632838
503503
405136
449846
616991
564179
41694
17253
259115
88666
424803
212844
466801
226202
681525
617962
88671
626309
624594
590583
465412
580586
256517
83
537365
457000
517772
582066
596326
507130
522939
204243
433040
403388
96548
409230
76151
250410
444545
659292
506653
462904
318213
371859
445568
405568
691124
69518
495540
543109
459360
524453
207475
17248
228698
76117
657835
453835
517336
518581
655927
31347
602737
439827
591344
182002
509018
558955
539812
247350
537690
172661
598495
606271
125031
679386
301127
460526
508824
628956
252250
440827
619378
76098
402979
496436
593271
441494
114405
290650
463453
365493
610946
572566
392853
182001
572207
199333
563241
327410
41644
290645
499487
402118
292936
592734
615652
411949
158853
31366
330555
60769
242226
69546
489619
497617
234517
599904
96538
76403
Subhalo not found: snapnum = 99, subfind_id = 76403.
This object probably has zero DM or baryonic (stars + SF gas) elements.
345252
510728
17258
595238
631487
576348
306059
611563
690900
556668
149189
515751
412591
134920
584710
374385
586587
542678
613084
585026
52640
623374
517644
557291
626490
204262
114433
118721
212837
304206
263559
565136
574813
595498
618102
372345
415214
462988
664049
600242
554189
237946
149180
499161
596113
88686
628326
163684
41672
236758
506609
88779
602521
591278
281073
611982
366792
521910
655519
593051
590104
586561
210763
320446
564018
458604
303722
575001
449549
69540
41671
496713
414759
536998
521166
17244
356420
524789
466894
578698
379732
514249
395735
300568
553143
134852
450046
496292
299937
111
77
121
397260
17195
557943
579466
375410
628451
315519
437239
41588
427215
664727
255623
556247
602802
629119
373053
322171
Subhalo not found: snapnum = 99, subfind_id = 322171.
This object probably has zero DM or baryonic (stars + SF gas) elements.
580749
380757
419204
154504
640452
370781
228681
678807
73
76144
31392
633700
400557
52715
121867
518369
96502
263557
667665
537914
41688
639025
516820
623620
650021
433111
627843
364807
566904
60762
179894
301129
649874
675906
602968
88735
654930
640347
663021
17197
653790
179908
652934
659783
509609
674122
664073
327824
615481
370191
271737
338461
17255
649844
291121
564935
552985
299430
547998
149172
447532
305085
406380
538280
660605
502956
698861
620202
528107
535709
673588
565514
658558
616592
76153
450593
684299
622761
530660
411951
554601
586279
642653
498067
538098
346754
728047
275535
52673
632447
542350
31452
657669
188874
569431
96505
70
108035
323854
545821
479373
102698
693564
653176
371477
378300
177771
356182
17302
149211
88704
207474
648272
654008
41651
733478
604925
363526
65
566241
669306
69556
76134
182024
519091
655919
561543
665211
318211
662008
517382
263558
336277
181985
372778
613138
497088
485284
550819
128426
660296
593573
508434
647054
621212
634550
623845
609574
306948
617467
199327
630882
674646
197155
672878
608647
621300
612543
612311
687738
175256
596678
112
192912
552862
486384
438455
568777
631973
561601
322166
52717
426242
616732
611151
537029
552925
346420
621927
627692
428813
233216
593523
638308
554826
622603
535960
69560
477422
306520
399684
495516
188863
296791
614673
622752
466265
336518
674127
192902
653621
427314
627662
528078
539451
492947
460273
419302
268298
603211
618271
222270
602032
618482
619513
496647
350845
242221
131077
186941
646033
318639
537165
197
639274
588403
381151
76141
96536
322986
464788
666554
645378
88978
691441
260018
451323
347511
702910
76101
643132
669749
656039
673879
161377
Subhalo not found: snapnum = 99, subfind_id = 161377.
This object probably has zero DM or baryonic (stars + SF gas) elements.
458029
376132
370190
404889
399521
431751
725086
601841
644089
608763
69532
342357
349897
624702
339183
657051
389706
644918
332393
680159
182020
263560
270974
402636
563655
290644
618576
654162
108015
446013
581487
697912
404770
228699
582161
634093
168402
102740
663440
551981
639139
367934
509994
17218
676790
4
343638
76145
181989
609791
636600
490195
474437
380752
41660
487099
371471
356418
334728
17203
512330
401062
443498
492285
550319
649307
405299
347808
Subhalo not found: snapnum = 99, subfind_id = 347808.
This object probably has zero DM or baryonic (stars + SF gas) elements.
161172
454633
263566
453019
607645
373510
60772
598587
467575
137899
591604
529684
576853
682680
464110
575628
523774
574879
651121
352819
645240
459244
461865
648658
83289
449733
645632
419579
216
339866
293449
146179
314772
659664
137921
165740
660070
277691
102743
137915
202647
17222
421572
134880
628638
118738
573576
635996
328679
693461
638333
250396
646076
633074
200806
627519
516104
561631
656988
490197
337849
636556
453753
614704
381832
448642
69576
304204
359336
31407
102695
545413
306518
239255
300577
556736
118696
715910
643321
443746
184831
131049
627275
362554
512069
485703
266568
677703
640088
627222
278310
363736
432485
650173
114429
168398
325817
192906
491801
611315
429435
499195
562684
343989
340588
41676
424152
599115
373050
433537
619882
252996
531151
463341
268300
233225
358273
114
384914
472641
599460
128417
531511
408499
626585
412913
411783
430972
451808
60777
397866
303363
251304
658330
31422
497927
568650
573458
301748
41668
125038
650526
386431
118687
562344
362782
507070
353979
414278
523279
489462
336281
538314
660940
570139
41675
521681
96539
656455
380276
413091
427532
664092
661007
412445
414451
604823
655208
567687
506943
414050
140725
670277
498297
389917
647200
88802
181986
460939
363104
202639
291115
411154
597360
500494
108080
179909
458722
423013
533151
538846
422664
733274
118695
308060
664626
484257
466182
633163
660478
388428
557388
295675
583824
210779
152050
175244
96568
594532
570340
311302
567326
158887
69534
236772
179900
137900
492528
548343
168
121901
690189
327120
616471
96522
644233
548246
140736
90
599851
69569
427607
537340
568722
535086
611831
505967
633546
17306
426483
584357
621122
519238
579554
317717
617066
376740
353975
219042
118700
125035
537894
600874
485597
60748
373292
535372
491225
421836
442855
534052
430683
637552
591288
378298
514538
210766
445271
461284
52671
31384
502312
168397
325335
577016
664083
589507
544393
451090
438169
274012
511298
192919
388115
444631
682899
374228
131067
194961
489314
48
619273
134890
76106
399679
660114
353176
511944
258270
455109
143907
548267
293443
118683
366341
121878
292922
443683
497800
376356
579608
286700
137908
427958
340976
547830
244328
462189
448842
397868
618659
41636
617446
460434
510059
52667
88747
282386
594444
611256
163681
502347
291131
83313
671951
186940
694805
687287
462391
563982
301747
251302
547691
569459
546982
228688
569388
546260
509468
245135
52701
172659
455857
552677
614796
404888
596430
461283
391869
158864
262664
401673
625259
83316
543078
649863
451807
643438
487913
172664
379950
680922
455258
656550
212841
494273
292924
582778
685160
652359
265272
606277
661789
83345
648049
246244
594892
469502
631785
633294
270965
642617
102732
331708
420061
589988
634997
146208
623971
629316
186932
326658
223926
375641
102705
192900
413748
591265
633663
515794
627921
622691
355235
654956
657962
128395
611031
511576
509079
502881
413195
600261
17465
408077
510680
554749
417793
593832
329515
644994
453526
177737
658719
533789
17
192923
60843
585553
644217
825672
538040
140761
273
200814
473004
470252
121902
612851
271739
158871
316354
512684
642273
610774
608638
456234
394242
534122
108077
295674
323456
617256
498171
17245
621274
561157
603329
674180
632069
60805
684516
637501
88726
179924
460194
481126
599828
678560
88718
666576
310513
16
41643
630858
692385
642204
243186
647433
69578
31348
230246
310510
519287
88755
408393
394850
477518
481894
417720
558642
499025
156810
681194
421711
447767
379949
408764
515543
501526
339554
31363
492755
83325
614197
585369
223899
417939
76207
543043
214463
41631
693623
704442
637054
170557
629306
345251
448447
143897
448196
257304
460008
657236
333266
513504
52624
445939
289430
128
137906
125054
114393
382483
653016
555177
672756
423112
330961
468383
158884
428619
466055
678277
295080
452737
533017
246237
71
337843
660517
676670
668972
468065
572624
678812
131076
291894
632816
96591
118724
52678
182010
146220
589573
107
610052
250404
594499
281712
399683
300580
717210
284958
524136
31391
17362
172672
334036
322177
Subhalo not found: snapnum = 99, subfind_id = 322177.
This object probably has zero DM or baryonic (stars + SF gas) elements.
386252
146198
414449
390863
163692
649231
170583
473473
512125
603775
638878
245144
631947
358280
41730
279712
149186
276236
639636
639580
558800
31462
275543
219044
642028
352362
438791
134882
592283
405297
662232
228683
400846
630270
463958
695058
137917
484905
611822
383954
716096
233226
259133
480750
194965
506313
217489
286072
586131
485887
307438
383724
354730
442761
444728
60744
469504
214467
17235
624376
563893
629563
418230
382256
441141
598279
451860
52662
170544
430591
510883
507299
649170
193016
Subhalo not found: snapnum = 99, subfind_id = 193016.
This object probably has zero DM or baryonic (stars + SF gas) elements.
602766
17240
154498
438669
181988
632803
659713
619188
644271
608060
473641
442439
389348
441399
453232
108060
143917
415375
644517
60828
83312
31350
357766
632467
623036
657015
248
533427
642901
345255
647881
620274
560072
324129
615164
400426
52623
340980
340106
615126
497964
639146
458510
422551
590992
304202
681756
422831
671568
595336
246238
561800
525520
406699
537154
121885
609746
184841
131051
52639
650104
378746
290654
407823
121882
655184
231722
401328
597066
137898
332812
434026
574066
386004
519909
188869
631278
491872
415972
533592
170560
440144
604596
188872
496132
52693
114408
615832
220591
682363
366567
686089
165748
170561
704085
192933
674318
515386
263567
294522
274011
657760
17308
88743
818763
175259
222298
440145
491981
17368
648941
265271
41669
131
351779
60763
537473
480550
614168
667693
684179
152048
598920
604042
461864
490661
639464
520196
581475
577085
438890
534489
361753
265930
510430
631108
544116
312414
165759
407320
440478
480000
172651
499810
677047
637824
170555
364815
496757
343988
237943
263564
555225
646997
488537
670026
457169
603743
643577
276238
401192
496805
651585
617636
478093
366040
222268
595993
639801
565344
108111
344301
417718
489814
628628
582962
616213
653828
555445
499113
296790
181990
83328
496326
114409
347240
254118
455551
541161
441036
531539
514296
634394
606823
284324
531391
580269
562604
646281
503951
665423
441667
508985
466267
528564
76199
423285
320734
587293
118704
458946
435309
582194
675584
364483
695302
586749
184833
118717
564967
678957
623693
394444
675196
258275
643002
676293
527713
361418
530298
442350
588251
593121
567005
527081
513790
329107
631966
634560
404319
88712
666596
39
31393
412446
453609
124
626383
69562
593302
140740
534514
681451
467388
599200
593493
532774
589046
222277
490711
199322
281718
605438
268301
17233
548501
476006
606899
471109
618297
619470
640614
510751
646697
60745
447607
375237
177755
671863
607735
540389
275538
268911
76
630813
78
672056
192920
341683
172652
369366
17252
96508
654948
17256
606552
227579
344596
494846
60738
331295
375911
597734
643835
578798
53052
281704
76171
17254
628939
658394
59
134856
582225
582733
524054
450126
384711
Subhalo not found: snapnum = 99, subfind_id = 384711.
This object probably has zero DM or baryonic (stars + SF gas) elements.
405461
134871
152071
701106
672324
476297
500923
366345
612334
584885
690222
551542
631856
688210
297214
170554
650292
409477
431635
407926
154
328251
371479
41664
631910
457871
17269
684698
253011
479917
549467
340108
665521
212846
647921
566008
210788
646516
102877
452185
125042
469589
458231
480879
469464
600021
405133
31353
438368
488662
435685
504000
407472
500239
131092
571480
128419
553581
266561
41656
343039
430394
432927
597135
485485
509561
553235
399846
639074
88692
327827
653499
295078
354729
566640
528336
236769
677723
360916
566397
589351
428291
552841
456382
522779
314775
278316
21
96556
52629
120
266560
410701
239996
444835
125083
640669
340111
252999
52642
582479
152062
226220
367457
467308
389156
613856
521383
653044
161181
425339
206232
128400
41683
405298
161193
599029
482714
656555
446172
292356
569780
481254
529863
467445
569874
389345
432712
435782
248160
681031
134853
204255
108034
491026
158865
60739
616810
687315
394986
114415
450493
270093
575920
298213
281705
536164
600897
619600
301142
31432
625403
532983
411321
243190
666986
641888
320741
570434
45
439392
497176
629881
131056
662621
586487
482869
74
255621
486782
684507
343992
596385
714600
490921
125032
642084
456725
379541
656011
324585
616940
593509
287336
524997
669026
462012
456538
475603
276222
497926
382684
460117
387590
450767
246245
381608
621820
345256
508955
510299
454729
563892
88682
489953
354483
361755
158851
284950
512906
314367
493920
161170
487496
524765
638541
212840
137889
340585
491189
409645
534859
493634
483484
399520
387726
519352
31368
469377
573867
131054
228709
628335
168391
341356
502461
426764
425338
599855
268909
467576
662891
420172
186944
664639
445092
161183
395153
471420
118729
594800
613756
602101
399267
511748
271732
76091
523639
429041
464422
158849
403261
671118
613692
592302
535900
351071
451693
31371
17214
418911
660983
452279
492392
197120
459517
460527
69549
108016
486186
369789
575774
675899
620699
220579
96596
239249
426243
594757
33
503393
627975
542510
96543
69567
532043
327413
484113
60795
359334
131053
504065
177741
483421
492223
345253
41678
165732
31428
356907
371705
634317
412442
538557
222292
577665
613319
655720
459020
635212
536222
452841
557979
369368
41677
95
673243
384539
131065
448111
204238
632168
491735
204253
88705
449201
41602
591953
451504
175268
551455
476232
146187
577074
618642
397063
416897
102703
620562
108040
473055
453313
424910
274001
465495
417282
96501
426984
514770
472296
41654
227578
277028
143898
122046
319644
659865
648251
371013
387936
252253
146200
669662
282378
274013
374388
614417
167
192899
469265
445754
398405
194950
511875
450420
96528
76191
239250
368700
359832
402769
225159
670385
618170
41611
452651
128427
497965
384107
170553
644216
553043
525293
679005
531870
421450
252995
454074
340977
452955
667283
443587
624103
165
474170
646155
200821
264419
600975
483868
99
152036
418452
567495
628604
296311
531046
648996
537865
685112
341361
541975
566304
400547
507965
223913
128429
340107
550248
274035
274797
512014
645502
653420
477032
207489
695144
626984
714396
556528
696275
278312
455259
526820
545471
96541
607786
635376
580605
603892
179889
542906
568519
625250
396468
362552
394720
710820
226203
334033
17241
276229
618284
648744
192918
543332
527306
612331
222297
222269
396266
102704
609319
417411
325002
385350
660124
146
382709
Subhalo not found: snapnum = 99, subfind_id = 382709.
This object probably has zero DM or baryonic (stars + SF gas) elements.
623292
258303
466746
163682
622526
357469
249165
518640
478496
469102
384103
191088
243202
246233
436458
473287
388618
587917
212855
505793
457086
469803
489359
598434
96521
432130
335486
351452
666560
320735
528626
680274
102754
464672
434681
17449
108066
639867
372786
478247
487993
639117
528296
303712
511327
17221
278306
335491
667976
462325
636026
335493
163686
481405
573480
627003
662996
413610
634833
301752
643954
420059
587357
359813
456872
182029
561700
691762
156818
643103
358276
282380
705716
629726
263606
108050
194984
Subhalo not found: snapnum = 99, subfind_id = 194984.
This object probably has zero DM or baryonic (stars + SF gas) elements.
617514
561962
567381
585335
186936
543061
60803
158868
666426
592022
354240
706907
259114
386003
440642
603539
653976
202643
235694
643200
361189
622476
640842
533763
433936
416399
603292
114427
387070
410303
585970
521115
704254
168403
610221
376544
627071
637985
522817
631413
669900
550967
679734
584104
304729
538279
524567
546735
599992
650009
149364
Subhalo not found: snapnum = 99, subfind_id = 149364.
This object probably has zero DM or baryonic (stars + SF gas) elements.
670436
645860
630251
608949
613124
370195
624479
541032
485951
628882
617419
52686
188875
672365
627928
31362
655974
642662
402293
60776
114396
667680
52711
499321
575169
350486
415823
692877
41615
583208
595460
582489
207481
507809
458302
154501
423911
354241
638470
570830
621047
102715
647028
228690
587771
490986
121879
41598
291113
352817
500087
604151
411454
635715
591612
566543
363317
417588
52665
357768
31426
640620
257311
344594
385582
573368
26
182009
409479
458028
311313
530222
291889
547327
648405
219053
228691
305083
563039
501186
222280
530450
645358
517503
486281
639480
546235
322582
473515
600958
143896
366035
574106
320015
298899
41648
482257
714639
31442
417413
477919
369156
587122
580377
273151
514206
693222
457227
464247
210777
476007
302174
499609
556362
328259
583170
252251
288747
487244
417581
409086
60756
52627
356422
589541
565040
468064
438167
607053
644902
344990
428816
562647
531332
614816
88742
646669
177720
449465
626273
217490
575956
177767
17274
585575
604091
300569
295679
580076
640943
504730
300576
336522
612840
579262
60751
88734
373291
606064
683259
162
511175
450595
373511
410889
76161
309429
326652
467872
625451
603237
310523
134884
508387
696266
631867
393888
599056
579696
603013
222287
617762
541200
52625
118701
698500
557607
512600
179903
114423
83330
246
297216
83326
581802
114430
686417
234529
149202
275545
335509
76193
303730
302167
60808
390859
110
41666
258265
121881
652086
602366
558988
337858
204265
241165
504427
380940
102696
476527
479799
504030
591774
108038
445658
52655
76120
407323
550757
425836
500960
592368
619542
570070
453713
202648
411035
496597
592962
551664
528787
399391
554768
138055
448022
427830
447699
443748
429990
618358
505616
300570
313402
69665
400092
544544
669766
52690
642444
385352
17247
668162
616162
660829
384537
701652
429989
674849
639210
250392
318210
670129
470178
458113
282379
640000
647553
594991
83321
665209
490342
306062
411641
296313
615313
569430
60807
407473
553973
658795
706977
681768
497351
414281
261972
17278
388431
304210
453757
429130
76202
240016
377543
279710
323856
76186
217493
250403
202654
347788
331297
311311
470886
17337
456792
691954
52669
334038
204258
667344
381154
340110
491617
443500
371707
651314
214460
186957
83349
223924
350490
302168
672801
563442
17453
412200
175253
683477
231721
366351
681319
538691
379153
325005
457610
182022
60978
396464
298210
516909
277688
287339
445659
102690
622584
650758
655824
140749
96580
570159
134907
549388
665190
616239
146188
419303
156844
302811
Subhalo not found: snapnum = 99, subfind_id = 302811.
This object probably has zero DM or baryonic (stars + SF gas) elements.
108104
299437
358588
295682
114417
161192
699477
549108
121876
17251
364263
204240
383509
260016
342349
143905
121874
476892
149209
102697
693489
484715
463521
672667
373295
411640
52628
623832
302166
380119
566530
485326
537403
638787
165737
427957
395883
482987
249164
163676
487363
731252
399686
474171
140750
627492
654496
462989
619153
557127
17294
422427
624437
503364
146197
463649
621035
648307
403910
674027
299440
170545
414651
405000
102687
500268
376738
175252
352061
436233
384104
154515
230238
528468
488841
454898
388615
455479
408497
482169
597848
613620
294049
52636
599427
545154
88776
60838
546586
670588
354727
372343
69525
287337
503778
506719
384355
652123
439468
230236
88665
332068
315142
556183
134858
524400
333672
537751
184
231717
529247
260883
552950
530780
515208
551208
671203
649467
69522
69604
625892
564486
537670
163679
530101
449735
321206
83327
352818
69531
645999
545249
629594
611444
41789
17196
478410
421835
484608
585445
225161
487072
399970
543241
552112
595799
490109
482481
296306
553708
545664
608545
192928
507701
60938
Subhalo not found: snapnum = 99, subfind_id = 60938.
This object probably has zero DM or baryonic (stars + SF gas) elements.
241154
473349
373700
137907
96549
638410
682914
348038
699713
630555
239248
131055
604062
612860
604890
647538
410140
310509
565654
671496
459246
200808
226210
581661
41653
511858
490533
397682
459786
423387
41594
331702
465844
655059
644021
652507
140733
622963
626322
387244
192909
513599
411157
216026
353168
480285
192903
585689
593499
571153
516011
660549
239994
553725
121865
143895
683000
607326
413194
443249
621741
345457
365010
475542
581371
474377
528467
241164
52668
69630
202642
589031
801859
581724
406702
177729
152052
567146
489273
359642
149199
370529
454376
31524
646843
758
245143
69552
165736
360919
410456
146186
431753
611046
375401
627157
418770
102694
423804
416522
152035
487276
483749
481947
398110
550735
456283
275532
342690
421031
526405
538343
589743
102726
259119
331707
31360
345250
563572
475865
88723
192910
537303
451411
237949
608493
523618
83318
200818
69515
359641
245145
182005
260862
424362
607791
409886
76183
260024
137887
677386
188873
418771
392585
299439
194970
642677
611751
574854
360751
487364
606785
409762
546452
431106
220574
184844
108056
405747
334727
676125
487965
275533
523685
642036
524874
609974
602243
614785
31433
504142
451961
60790
165730
417032
415373
513186
499463
578124
435020
541746
165749
355537
493034
492493
233224
443914
479314
100
558809
563315
52622
212853
125040
462631
676034
207478
590890
646951
572792
603116
630389
412752
252247
451412
191089
351780
686612
41695
76157
297219
593595
67
388249
650469
251301
644160
598235
289949
453314
204256
85
635854
495854
543269
524344
191086
542569
469438
108085
332817
631441
559315
463139
60752
607708
538605
644304
646665
447042
288017
102724
525974
371016
345257
379953
146237
370008
143925
41627
635034
374379
428537
149182
505928
516572
668358
444929
88758
502767
108054
514885
571890
391082
150
592324
342050
337446
319145
408224
271738
361752
635012
194963
488356
493796
102693
581108
536511
83344
17263
595031
233219
518658
293440
299936
638569
69548
210780
418076
426575
165755
505455
638698
41639
445753
76214
76133
143982
314784
Subhalo not found: snapnum = 99, subfind_id = 314784.
This object probably has zero DM or baryonic (stars + SF gas) elements.
460193
250393
507807
638832
577873
429237
610809
60743
102741
539998
60
399101
114404
152063
346977
134859
311883
96512
31378
355538
160
88673
628244
206228
595586
449651
644148
662762
367688
489163
368177
217487
377539
469740
309955
272328
464894
56
515570
518272
266566
143903
475490
408647
17340
149187
427609
578569
431201
461038
60800
652419
659948
677842
402635
634951
17198
158869
649078
556548
522241
633406
592847
626717
340589
482006
392368
204267
459788
202646
480345
20
245139
521838
420815
340355
592690
442637
628588
436917
431282
31375
536491
17265
186951
88672
630196
261975
339549
526622
445342
679295
426765
372568
433218
553272
219049
579771
647572
342343
658418
392587
342350
568320
545856
41687
324580
479560
250400
316357
417123
170547
445567
487042
239251
435547
461450
561429
632992
191091
510458
411039
545571
532939
472747
327832
534539
270081
636580
154505
200810
386247
76096
231710
415113
595380
538761
230237
363315
277024
563648
465081
489417
553664
154506
440194
476234
31427
279708
231709
254115
220582
467011
230247
456014
554610
528881
264422
355232
421568
472362
281078
60783
344987
597597
188876
655425
369546
204245
623178
251307
197113
346421
355233
204235
518713
486009
371259
697776
404217
197110
667549
454306
561081
327113
588670
537981
102688
564545
682526
369545
392725
572422
411953
146212
52677
656586
79
376554
233235
143908
31467
277693
671910
382260
353179
76238
Subhalo not found: snapnum = 99, subfind_id = 76238.
This object probably has zero DM or baryonic (stars + SF gas) elements.
137905
149207
255615
121877
383723
483900
239260
354239
646305
156825
380934
477119
560277
676155
252257
374593
428616
416628
222285
244334
96832
88731
236771
412082
681313
17592
684967
88744
362373
642824
240006
41733
675486
472298
76128
610357
319651
452839
200819
608559
426902
534682
31354
547107
430070
427315
528151
497548
622046
333673
41785
289439
682319
498203
314771
96509
69580
629875
663202
128422
197149
558919
570639
628047
345254
88703
662610
480391
233231
289428
352579
143902
494178
216027
289975
Subhalo not found: snapnum = 99, subfind_id = 289975.
This object probably has zero DM or baryonic (stars + SF gas) elements.
364482
210786
88691
220581
634516
346748
459666
27
674007
632930
435223
334028
342360
Subhalo not found: snapnum = 99, subfind_id = 342360.
This object probably has zero DM or baryonic (stars + SF gas) elements.
83311
699557
149201
240003
149173
425730
252998
653546
433038
251308
31394
31389
499852
496908
76137
625439
426086
500086
457604
17219
298206
274009
263572
188864
487877
253040
Subhalo not found: snapnum = 99, subfind_id = 253040.
This object probably has zero DM or baryonic (stars + SF gas) elements.
300574
456921
208797
275551
663060
424485
207520
149196
177742
630084
228697
501244
96526
398284
505860
621335
131066
516854
538535
446330
83283
369367
476820
17345
170550
655759
361191
194959
398282
370003
422109
439201
405295
181992
83296
337048
405745
469147
396073
450849
380751
52647
368884
428158
175246
613422
31346
31356
283015
513535
490577
440726
17227
616813
152056
102719
69544
395882
508263
31409
463804
507025
623331
469060
175250
487698
628279
296305
414146
249166
432711
465284
444184
488228
60792
336516
398549
457514
482054
263581
636586
377804
227583
270080
458723
589677
591922
647726
387236
512247
353729
351072
496244
306525
31380
96534
265268
359338
492092
412079
483269
423014
557864
689679
505892
668903
443915
228684
149192
273152
413466
220566
595977
96575
543774
69616
69555
399680
625214
675662
261966
406497
695150
118715
31405
543722
83294
31352
108020
535452
346075
593039
525649
485233
31399
389704
158873
137891
469968
619041
645506
463395
192908
266570
18
535319
591425
378943
462141
597718
645691
274795
549281
295677
445878
511005
599902
291124
281707
266564
328253
52643
553380
172677
172699
278314
382495
262668
411458
Subhalo not found: snapnum = 99, subfind_id = 411458.
This object probably has zero DM or baryonic (stars + SF gas) elements.
285492
423914
288756
357468
102707
191096
491581
375639
345813
387242
329851
140752
425488
590401
286080
451410
524087
83290
245138
511095
170566
558344
705742
672613
634977
618325
474061
31461
398407
303367
366038
304736
253051
76155
76231
Subhalo not found: snapnum = 99, subfind_id = 76231.
This object probably has zero DM or baryonic (stars + SF gas) elements.
746017
393548
322164
684551
684010
263568
156830
83288
547034
224004
17275
696383
134891
421134
577593
127
303365
319144
17330
662198
536554
131085
52666
382922
455058
161166
347237
350183
242216
328256
367456
611710
41655
288014
522800
592691
316359
52638
69551
611399
535873
693368
609188
402639
394719
612789
17212
520542
41621
406880
685895
409761
490172
583919
453393
527326
639825
60841
366037
274792
188865
512494
76132
534303
249169
753987
294513
202636
114412
328677
546873
463750
530157
114411
243216
121887
493437
665020
660996
471803
69513
17250
452358
288751
179887
108059
525634
423110
468590
41799
681994
31367
367689
390860
237956
170542
491316
226201
354986
457781
460077
134892
480194
170543
17257
204241
602134
571415
375236
252249
140728
564871
396077
324127
454539
184839
634083
52705
523661
279723
362780
220560
31349
226224
284319
496369
491980
492178
458447
353423
41739
447886
102713
464539
60860
242225
451179
273143
461709
470380
618504
83300
647421
516638
643597
403263
368170
192907
519887
633631
152034
456456
462010
191081
569111
537815
264414
313956
632967
548910
226217
516606
515384
88722
223903
220625
121880
540905
128396
262680
398923
114403
522749
29
576031
172658
200809
497585
469705
374789
348337
554748
564687
311885
626833
260869
313403
88667
434938
479411
496845
168394
623290
562221
379325
219052
416898
635856
604696
156823
667307
748281
509167
96507
474505
220561
360294
379540
342699
485747
540533
679259
408935
509402
402483
468967
509766
17325
544787
121866
687206
41745
289946
158862
352816
559945
401329
161177
275531
636164
492326
457361
605190
609669
128418
121875
76142
332070
154507
349624
392852
156841
424725
392097
118692
273998
469657
41587
416627
261964
60765
638188
536758
480075
495654
294048
580408
52689
420925
69579
548662
131346
338460
31420
88700
538080
414447
41705
17232
140769
146180
508156
575944
125081
370004
83320
524490
477875
83315
134861
369152
302173
76180
331294
601316
616007
17495
505572
373702
470808
341684
508627
560034
622269
60749
179907
214483
479628
454247
461202
41869
Subhalo not found: snapnum = 99, subfind_id = 41869.
This object probably has zero DM or baryonic (stars + SF gas) elements.
401535
499636
343434
319147
490842
437121
260015
491471
399969
277031
294051
403506
376963
580987
383307
460351
467700
414990
433656
83286
41659
535742
256513
697509
88697
431868
373951
465496
125030
465136
419203
417583
52633
387439
502976
17348
331706
406879
588239
480712
390725
303364
258266
177781
60760
588676
543359
381149
486124
453134
624670
600924
346753
83323
184846
389918
342047
272324
17249
237942
478452
489162
552272
231750
219043
197135
418325
611036
654714
31402
52743
654370
429557
465414
140762
118705
421034
614020
168410
265942
17304
31364
462241
216031
387592
654971
323862
152047
310986
687261
289427
728046
17238
96535
274004
375909
396851
503033
366036
700058
517588
553511
255622
724444
41626
813035
531900
234528
76104
347508
41590
60733
291123
161184
410460
222295
163689
177730
467256
60735
17194
270967
235705
487438
17284
248158
31
41691
397261
222300
481347
269443
311882
499436
192914
495389
223898
719337
108042
490238
272322
234
468251
504295
691965
485283
495043
69690
335081
529218
214458
108022
337445
165729
96517
137903
580136
269441
524175
706694
296303
386612
457296
587792
214457
270966
509521
591668
52630
493183
241168
88736
165745
478927
506063
140746
436551
409883
3
283012
467127
76249
305654
447236
146196
83338
159
210771
587096
540350
172654
472499
286696
413093
114420
346752
356415
477227
497879
445420
404644
199323
423657
469879
216018
172666
316365
Subhalo not found: snapnum = 99, subfind_id = 316365.
This object probably has zero DM or baryonic (stars + SF gas) elements.
652462
306950
643303
398913
227577
478160
454963
286701
498923
348598
518614
88701
31383
574326
137890
494526
449267
500532
508463
294054
121892
608302
588295
668477
245136
265282
229
378526
545804
472105
302773
152033
411452
31345
83297
161163
320737
155
31373
380935
128403
177731
527183
256509
370782
442979
557488
548719
373699
478497
76130
526848
140755
121894
495981
407204
393731
149
60766
489812
83317
17296
551318
52659
83305
405570
458378
83292
472104
465320
137902
60758
96504
349898
225156
465080
5
60782
161167
17229
262
589611
337847
467958
117
15
635203
354485
455957
566318
559782
460746
191100
320012
617537
645925
371710
619048
247349
522522
703288
140738
260867
516398
125051
410569
570664
179899
34
342351
331296
17297
625327
569953
500294
422114
285485
519393
235696
200805
31567
17267
336279
452578
334037
455730
186969
Subhalo not found: snapnum = 99, subfind_id = 186969.
This object probably has zero DM or baryonic (stars + SF gas) elements.
118745
478604
641537
544360
602872
484045
83342
532890
420658
511600
550382
542735
322983
360087
496019
625949
41592
359811
309045
260870
348595
387067
357235
553572
745953
121904
325810
134886
411637
128413
679800
338821
537064
258279
715158
513262
168417
390724
243201
467740
60761
609286
519776
260017
518921
140745
327829
308062
420060
88690
272323
470493
501685
483812
69511
309433
522553
179892
83301
247355
96524
140765
397065
242222
597117
469706
381392
505481
507865
469930
477624
402294
435686
554105
184829
341359
396641
17293
182006
69553
449034
327822
474271
121883
474320
125052
158855
446786
375403
41589
44
475956
69593
494326
541522
476557
118749
108027
200829
152045
50
265269
427829
622448
158858
186933
516161
516175
560919
296792
219045
541934
467519
596929
41614
97
31357
505253
411785
295079
52656
403507
255618
52706
563206
324997
191084
378303
207488
400266
60780
158866
505030
490475
447606
31501
661662
517881
76271
467309
69582
483113
170636
134874
214454
125029
575767
691976
83308
328682
17200
294052
225158
512948
271734
486923
515887
478661
161187
515097
17378
Subhalo not found: snapnum = 99, subfind_id = 17378.
This object probably has zero DM or baryonic (stars + SF gas) elements.
419749
420435
76119
358275
114395
376135
49
286697
284951
467871
254113
485095
391081
301128
467919
281701
575732
297213
489618
261965
125039
363105
356176
440289
235693
529426
137911
403624
60773
234515
598201
503636
216017
544179
590158
332390
60820
409986
438453
502619
422554
391260
596132
329109
226212
134887
202659
536640
421032
108036
102700
428431
234519
202644
347785
259116
475354
236763
222279
445879
382921
454151
494232
137931
17291
443356
177721
625862
549424
572129
328254
190
464491
245140
575014
108047
538680
583297
491066
270964
259117
474321
121903
471219
476487
308061
410567
177725
584313
626880
518430
425605
76139
727485
125178
313405
510085
465205
88714
677726
379542
485365
292358
352578
214456
406137
442299
186937
263561
471857
17191
466133
573981
494578
17268
52
544694
514361
494131
242215
163694
403110
165741
438569
17239
353973
378116
384706
371704
558473
102686
292930
248173
424571
413928
547193
354484
401859
17399
118727
134860
161168
435417
428715
718038
235707
363744
359086
197111
286067
204237
330554
52720
207487
553798
76111
60785
532741
452045
86
231708
311303
431986
350843
47
518299
527538
526476
222288
197112
538258
17316
327406
557500
676320
41593
226196
228682
493658
357465
179890
491901
17323
560800
17277
555635
368698
83331
484427
146178
566822
362559
414148
407607
540019
446682
181998
179888
494423
335495
31351
143893
459959
219036
69547
580236
197115
301754
273145
303716
83336
376741
416112
363738
220562
274015
17310
83333
152054
491520
134893
257308
234534
256511
494009
200807
297713
488945
528028
547907
60789
542183
230241
60747
476624
108023
441763
421312
581925
296788
312415
52632
543606
430590
237947
76131
404771
352822
292357
378945
468110
468695
236765
131073
358582
465548
548053
192901
355539
264415
419575
114436
545832
499522
390305
88706
601799
146199
96570
397419
674384
556948
246235
513677
210768
83351
425941
267324
531639
363737
424986
618886
19
158872
52645
595201
384535
482533
493575
479561
510882
262659
103
355912
545399
566590
366338
146195
223921
529180
496906
479885
555202
223904
503916
192924
765671
459576
233222
235701
418577
535262
360917
495589
423527
546171
317712
128404
137901
156821
161197
524678
402017
466003
522685
467052
168415
88677
498335
332389
412912
486463
208787
479839
415497
377212
219037
388430
420924
437945
118713
163678
128398
60742
540926
379321
17266
492023
589669
299429
200848
125059
177759
Subhalo not found: snapnum = 99, subfind_id = 177759.
This object probably has zero DM or baryonic (stars + SF gas) elements.
592046
102720
96599
131071
114425
544806
510245
518008
31400
278
490843
582816
326219
381831
496646
521153
143915
200
372176
137892
407927
307440
515437
146206
181984
520972
418077
476417
391682
407020
456381
542247
465614
134872
373952
532001
274793
108037
432831
394439
76158
102708
345812
500398
60781
364479
503468
17202
514205
96506
347238
324998
414277
17204
574725
482196
453450
76107
339548
524216
442084
566995
161164
427745
543639
573353
207498
394600
620916
283013
284320
108061
244326
175254
572608
170551
17193
17205
481597
288016
574418
277025
486341
134875
318633
354988
239253
667804
208784
381147
565316
147
570710
342048
496113
447350
222299
383950
521231
358017
547427
546464
69528
795767
477419
163680
390465
31398
325809
382059
440193
262681
512154
149190
524262
31425
76167
137894
102714
332071
331701
498879
146183
131057
492125
351453
458784
556431
446012
125037
523458
17217
212848
574342
157
552296
557749
513160
431536
252997
478535
76169
219035
510631
114392
482814
582430
131074
214459
146203
437314
31355
292925
476172
503289
348594
163696
541242
667681
496596
83322
88741
96550
299433
557201
528416
541578
460076
401537
555091
434787
154500
108019
496167
561723
420816
522848
724238
134885
484944
540374
17281
393119
41681
479884
344300
283643
543060
593430
316355
140764
165735
428617
256512
396462
424043
125046
386429
428927
231711
31455
60746
417122
41599
125049
96559
114407
584378
495934
69535
17199
76110
559737
69542
575339
358016
46
88694
491931
202638
400694
210767
31621
41629
494377
52653
455198
533573
76124
563727
538406
413463
358585
219033
573944
17271
430396
366793
521026
197117
523435
57
88728
478358
154503
60759
69561
344989
355911
528966
217488
216024
60908
223897
248164
181993
13
447695
271731
179910
247353
152046
536830
313955
69574
102718
519446
275534
365745
202635
472418
108018
321675
41591
140726
349625
441574
508386
447153
507775
347786
511443
23
285482
450337
324572
436642
515648
175241
206
425337
134848
108045
41642
406495
461929
548609
233220
475293
108033
552203
60771
498958
420550
303370
31404
341362
184835
133
265927
143904
400089
41618
69512
492809
276225
523958
236768
516686
96569
149191
76094
156827
163691
330209
60802
17234
479002
384536
412199
114410
559654
513732
529329
435868
172653
470884
510014
533667
254124
154495
497138
298208
547527
226197
69564
88688
452500
435225
593264
463340
512981
129
519616
478092
501112
489016
493859
523547
552100
512531
76095
429127
175266
284953
525973
60830
494622
17189
350844
60799
294050
331704
17303
128407
91
581440
562333
143910
118681
146193
140723
76122
493702
128411
648153
134867
83346
464669
163695
512870
108021
662726
114399
363318
250397
216043
156811
239246
184836
433217
535279
128420
513534
152060
540554
131068
202637
234518
359640
88721
186939
329517
483068
449361
395533
52675
175243
312893
325808
403389
134883
515207
312412
518077
286698
137895
131062
60778
172669
538824
188
118720
118682
41595
376545
390127
303369
309428
184842
236767
552596
134850
235703
526153
385351
567818
560291
518390
585860
96503
156832
60786
156812
250398
536615
137904
338819
96573
480645
321205
76140
140771
507397
158848
547443
266562
88669
513598
449972
31361
325336
409475
186929
367139
158850
262661
140727
212838
220559
398685
437822
186931
137888
441327
256508
423282
83295
225157
17206
393546
345456
96514
60740
450683
31359
